[20 20 20 20 20 20 20 20 20 20 20 20 20 20 20 20 20 20 20 20 20 20 20 20
 20 20 20 20 20 20 20 20 20 20 20 20 20 20 20 20 20 20 20 20 20 20 20 20
 20 20 20 20 20 20 20 20 20 20 20 20 20 20 20 20 20 20 20 20 20 20 20 20
 20 20 20 20 20 20 20 20 20 20 20 20 20 20 20 20 20 20 20 20 20 20 20 20
 20 20 20 20 20 20 20 20 20 20 20 20 20 20 20 20 20 20 20 20 20 20 20 20
 20 20 20 20 20 20 20 20 20 20 20 20 20 20 20 20 20 20 20 20 20 20 20 20
 20 20 20 20 20 20 20 20 20 20 20 20 20 20 20 20 20 20 20 20 20 20 20 20
 20 20 20 20 20 20 20 20 20 20 20 20 20 20 20 20 20 20 20 20 20 20 20 20
 20 20 20 20 20 20 20 20 20 20 20 20 20 20 20 20 20 20 20 20 20 20 20 20
 20 20 20 20 20 20 20 20 20]
[87.5, 87.5, 87.5, 87.5, 87.5, 87.5, 87.5, 87.5, 87.5, 87.5, 87.5, 87.5, 87.5, 87.5, 87.5, 87.5, 87.5, 87.5, 87.5, 87.5, 87.5, 87.5, 87.5, 87.5, 87.5, 87.5, 87.5, 87.5, 87.5, 87.5, 87.5, 87.5, 87.5, 87.5, 87.5, 87.5, 87.5, 87.5, 87.5, 87.5, 87.5, 87.5, 87.5, 87.5, 87.5, 87.5, 87.5, 87.5, 87.5, 87.5, 87.5, 87.5, 87.5, 87.5, 87.5, 87.5, 87.5, 87.5, 87.5, 87.5, 87.5, 87.5, 87.5, 87.5, 87.5, 87.5, 87.5, 87.5, 87.5, 87.5, 87.5, 87.5, 87.5, 87.5, 87.5, 87.5, 87.5, 87.5, 87.5, 87.5, 87.5, 87.5, 87.5, 87.5, 87.5, 87.5, 87.5, 87.5, 87.5, 87.5, 87.5, 87.5, 87.5, 87.5, 87.5, 87.5, 87.5, 87.5, 87.5, 87.5, 87.5, 87.5, 87.5, 87.5, 87.5, 87.5, 87.5, 87.5, 87.5, 87.5, 87.5, 87.5, 87.5, 87.5, 87.5, 87.5, 87.5, 87.5, 87.5, 87.5, 87.5, 87.5, 87.5, 87.5, 87.5, 87.5, 87.5, 87.5, 87.5, 87.5, 87.5, 87.5, 87.5, 87.5, 87.5, 87.5, 87.5, 87.5, 87.5, 87.5, 87.5, 87.5, 87.5, 87.5, 87.5, 87.5, 87.5, 87.5, 87.5, 87.5, 87.5, 87.5, 87.5, 87.5, 87.5, 87.5, 87.5, 87.5, 87.5, 87.5, 87.5, 87.5, 87.5, 87.5, 87.5, 87.5, 87.5, 87.5, 87.5, 87.5, 87.5, 87.5, 87.5, 87.5, 87.5, 87.5, 87.5, 87.5, 87.5, 87.5, 87.5, 87.5, 87.5, 87.5, 87.5, 87.5, 87.5, 87.5, 87.5, 87.5, 87.5, 87.5, 87.5, 87.5, 87.5, 87.5, 87.5, 87.5, 87.5, 87.5, 87.5, 87.5, 87.5, 87.5, 87.5, 87.5, 87.5, 87.5, 87.5, 87.5, 87.5, 87.5, 87.5, 87.5, 87.5, 87.5, 87.5, 87.5, 87.5, 87.5, 87.5, 87.5, 87.5, 87.5, 87.5]
[131.25, 131.25, 131.25, 131.25, 131.25, 131.25, 131.25, 131.25, 131.25, 131.25, 131.25, 131.25, 131.25, 131.25, 131.25, 131.25, 131.25, 131.25, 131.25, 131.25, 131.25, 131.25, 131.25, 131.25, 131.25, 131.25, 131.25, 131.25, 131.25, 131.25, 131.25, 131.25, 131.25, 131.25, 131.25, 131.25, 131.25, 131.25, 131.25, 131.25, 131.25, 131.25, 131.25, 131.25, 131.25, 131.25, 131.25, 131.25, 131.25, 131.25, 131.25, 131.25, 131.25, 131.25, 131.25, 131.25, 131.25, 131.25, 131.25, 131.25, 131.25, 131.25, 131.25, 131.25, 131.25, 131.25, 131.25, 131.25, 131.25, 131.25, 131.25, 131.25, 131.25, 131.25, 131.25, 131.25, 131.25, 131.25, 131.25, 131.25, 131.25, 131.25, 131.25, 131.25, 131.25, 131.25, 131.25, 131.25, 131.25, 131.25, 131.25, 131.25, 131.25, 131.25, 131.25, 131.25, 131.25, 131.25, 131.25, 131.25, 131.25, 131.25, 131.25, 131.25, 131.25, 131.25, 131.25, 131.25, 131.25, 131.25, 131.25, 131.25, 131.25, 131.25, 131.25, 131.25, 131.25, 131.25, 131.25, 131.25, 131.25, 131.25, 131.25, 131.25, 131.25, 131.25, 131.25, 131.25, 131.25, 131.25, 131.25, 131.25, 131.25, 131.25, 131.25, 131.25, 131.25, 131.25, 131.25, 131.25, 131.25, 131.25, 131.25, 131.25, 131.25, 131.25, 131.25, 131.25, 131.25, 131.25, 131.25, 131.25, 131.25, 131.25, 131.25, 131.25, 131.25, 131.25, 131.25, 131.25, 131.25, 131.25, 131.25, 131.25, 131.25, 131.25, 131.25, 131.25, 131.25, 131.25, 131.25, 131.25, 131.25, 131.25, 131.25, 131.25, 131.25, 131.25, 131.25, 131.25, 131.25, 131.25, 131.25, 131.25, 131.25, 131.25, 131.25, 131.25, 131.25, 131.25, 131.25, 131.25, 131.25, 131.25, 131.25, 131.25, 131.25, 131.25, 131.25, 131.25, 131.25, 131.25, 131.25, 131.25, 131.25, 131.25, 131.25, 131.25, 131.25, 131.25, 131.25, 131.25, 131.25, 131.25, 131.25, 131.25, 131.25, 131.25, 131.25, 131.25, 131.25, 131.25, 131.25, 131.25, 131.25]
[38, 38, 38, 38, 38, 37, 37, 37, 37, 51, 38, 38, 38, 38, 38, 38, 38, 37, 37, 37, 37, 50, 37, 37, 37, 37, 37, 37, 37, 37, 38, 38, 38, 38, 37, 37, 37, 37, 37, 37, 38, 38, 38, 38, 38, 38, 38, 38, 38, 38, 38, 38, 38, 39, 39, 39, 39, 38, 37, 38, 38, 152, 38, 38, 39, 39, 40, 46, 38, 38, 38, 38, 38, 125, 101, 122, 38, 38, 38, 38, 38, 124, 130, 132, 169, 40, 40, 40, 40, 43, 43, 38, 37, 37, 37, 37, 37, 37, 37, 37, 41, 42, 43, 42, 42, 42, 58, 44, 38, 55, 51, 43, 43, 59, 39, 42, 42, 46, 46, 44, 43, 44, 44, 45, 47, 47, 47, 47, 47, 47, 47, 47, 47, 47, 47, 48, 47, 47, 47, 47, 44, 45, 46, 46, 46, 46, 46, 46, 46, 46, 46, 46, 46, 45, 45, 45, 45, 45, 45, 46, 46, 45, 45, 45, 45, 46, 46, 47, 47, 53, 53, 47, 47, 47, 47, 47, 46, 46, 46, 43, 43, 45, 45, 45, 45, 43, 45, 45, 46, 46, 46, 47, 47, 47, 47, 47, 47, 47, 46, 46, 46, 46, 46, 47, 47, 47, 46, 46, 46, 46, 46, 46, 46, 46, 46, 46, 47, 47, 47, 47, 47, 47, 47, 46, 46]
[87.5, 87.5, 87.5, 87.5, 87.5, 87.5, 87.5, 87.5, 87.5, 87.5, 87.5, 87.5, 87.5, 87.5, 87.5, 87.5, 87.5, 87.5, 87.5, 87.5, 87.5, 87.5, 87.5, 87.5, 87.5, 87.5, 87.5, 87.5, 87.5, 87.5, 87.5, 87.5, 87.5, 87.5, 87.5, 87.5, 87.5, 87.5, 87.5, 87.5, 87.5, 87.5, 87.5, 87.5, 87.5, 87.5, 87.5, 87.5, 87.5, 87.5, 87.5, 87.5, 87.5, 87.5, 87.5, 87.5, 87.5, 87.5, 87.5, 87.5, 87.5, 87.5, 87.5, 87.5, 87.5, 87.5, 87.5, 87.5, 87.5, 87.5, 87.5, 87.5, 87.5, 87.5, 87.5, 87.5, 87.5, 87.5, 87.5, 87.5, 87.5, 87.5, 87.5, 87.5, 87.5, 87.5, 87.5, 87.5, 87.5, 87.5, 87.5, 87.5, 87.5, 87.5, 87.5, 87.5, 87.5, 87.5, 87.5, 87.5, 87.5, 87.5, 87.5, 87.5, 87.5, 87.5, 87.5, 87.5, 87.5, 87.5, 87.5, 87.5, 87.5, 87.5, 87.5, 87.5, 87.5, 87.5, 87.5, 87.5, 87.5, 87.5, 87.5, 87.5, 87.5, 87.5, 87.5, 87.5, 87.5, 87.5, 87.5, 87.5, 87.5, 87.5, 87.5, 87.5, 87.5, 87.5, 87.5, 87.5, 87.5, 87.5, 87.5, 87.5, 87.5, 87.5, 87.5, 87.5, 87.5, 87.5, 87.5, 87.5, 87.5, 87.5, 87.5, 87.5, 87.5, 87.5, 87.5, 87.5, 87.5, 87.5, 87.5, 87.5, 87.5, 87.5, 87.5, 87.5, 87.5, 87.5, 87.5, 87.5, 87.5, 87.5, 87.5, 87.5, 87.5, 87.5, 87.5, 87.5, 87.5, 87.5, 87.5, 87.5, 87.5, 87.5, 87.5, 87.5, 87.5, 87.5, 87.5, 87.5, 87.5, 87.5, 87.5, 87.5, 87.5, 87.5, 87.5, 87.5, 87.5, 87.5, 87.5, 87.5, 87.5, 87.5, 87.5, 87.5, 87.5, 87.5, 87.5, 87.5, 87.5, 87.5, 87.5, 87.5, 87.5, 87.5, 87.5, 87.5, 87.5, 87.5, 87.5, 87.5, 87.5]
[131.25, 131.25, 131.25, 131.25, 131.25, 131.25, 131.25, 131.25, 131.25, 131.25, 131.25, 131.25, 131.25, 131.25, 131.25, 131.25, 131.25, 131.25, 131.25, 131.25, 131.25, 131.25, 131.25, 131.25, 131.25, 131.25, 131.25, 131.25, 131.25, 131.25, 131.25, 131.25, 131.25, 131.25, 131.25, 131.25, 131.25, 131.25, 131.25, 131.25, 131.25, 131.25, 131.25, 131.25, 131.25, 131.25, 131.25, 131.25, 131.25, 131.25, 131.25, 131.25, 131.25, 131.25, 131.25, 131.25, 131.25, 131.25, 131.25, 131.25, 131.25, 131.25, 131.25, 131.25, 131.25, 131.25, 131.25, 131.25, 131.25, 131.25, 131.25, 131.25, 131.25, 131.25, 131.25, 131.25, 131.25, 131.25, 131.25, 131.25, 131.25, 131.25, 131.25, 131.25, 131.25, 131.25, 131.25, 131.25, 131.25, 131.25, 131.25, 131.25, 131.25, 131.25, 131.25, 131.25, 131.25, 131.25, 131.25, 131.25, 131.25, 131.25, 131.25, 131.25, 131.25, 131.25, 131.25, 131.25, 131.25, 131.25, 131.25, 131.25, 131.25, 131.25, 131.25, 131.25, 131.25, 131.25, 131.25, 131.25, 131.25, 131.25, 131.25, 131.25, 131.25, 131.25, 131.25, 131.25, 131.25, 131.25, 131.25, 131.25, 131.25, 131.25, 131.25, 131.25, 131.25, 131.25, 131.25, 131.25, 131.25, 131.25, 131.25, 131.25, 131.25, 131.25, 131.25, 131.25, 131.25, 131.25, 131.25, 131.25, 131.25, 131.25, 131.25, 131.25, 131.25, 131.25, 131.25, 131.25, 131.25, 131.25, 131.25, 131.25, 131.25, 131.25, 131.25, 131.25, 131.25, 131.25, 131.25, 131.25, 131.25, 131.25, 131.25, 131.25, 131.25, 131.25, 131.25, 131.25, 131.25, 131.25, 131.25, 131.25, 131.25, 131.25, 131.25, 131.25, 131.25, 131.25, 131.25, 131.25, 131.25, 131.25, 131.25, 131.25, 131.25, 131.25, 131.25, 131.25, 131.25, 131.25, 131.25, 131.25, 131.25, 131.25, 131.25, 131.25, 131.25, 131.25, 131.25, 131.25, 131.25, 131.25, 131.25, 131.25, 131.25, 131.25, 131.25, 131.25, 131.25, 131.25, 131.25, 131.25, 131.25]
